0 0 2
1 0 4
5 0 4
15 0 4
21 0 4
25 0 4
37 0 4
49 0 4
1 1 4
3 1 4
5 1 4
6 1 4
7 1 4
8 1 4
9 1 4
11 1 4
13 1 4
15 1 4
16 1 4
17 1 4
19 1 4
21 1 4
23 1 4
25 1 4
27 1 4
28 1 4
29 1 4
30 1 4
31 1 4
32 1 4
33 1 4
34 1 4
35 1 4
37 1 4
39 1 4
40 1 4
41 1 4
43 1 4
45 1 4
46 1 4
47 1 4
48 1 4
49 1 4
3 2 4
5 2 4
9 2 4
11 2 4
13 2 4
19 2 4
23 2 4
25 2 4
27 2 4
31 2 4
35 2 4
37 2 4
41 2 4
43 2 4
45 2 4
49 2 4
0 3 4
1 3 4
2 3 4
3 3 4
5 3 4
7 3 4
9 3 4
10 3 4
11 3 4
13 3 4
14 3 4
15 3 4
16 3 4
17 3 4
18 3 4
19 3 4
20 3 4
21 3 4
22 3 4
23 3 4
25 3 4
27 3 4
29 3 4
31 3 4
33 3 4
34 3 4
35 3 4
37 3 4
38 3 4
39 3 4
41 3 4
43 3 4
44 3 4
45 3 4
47 3 4
49 3 4
5 4 4
7 4 4
11 4 4
13 4 4
23 4 4
25 4 4
29 4 4
31 4 4
35 4 4
39 4 4
41 4 4
45 4 4
47 4 4
49 4 4
1 5 4
2 5 4
3 5 4
4 5 4
5 5 4
7 5 4
8 5 4
9 5 4
11 5 4
13 5 4
15 5 4
16 5 4
17 5 4
18 5 4
19 5 4
20 5 4
21 5 4
22 5 4
23 5 4
25 5 4
26 5 4
27 5 4
28 5 4
29 5 4
31 5 4
32 5 4
33 5 4
35 5 4
36 5 4
37 5 4
39 5 4
41 5 4
42 5 4
43 5 4
45 5 4
47 5 4
49 5 4
5 6 4
7 6 4
9 6 4
13 6 4
25 6 4
33 6 4
35 6 4
39 6 4
43 6 4
47 6 4
49 6 4
0 7 4
1 7 4
2 7 4
3 7 4
5 7 4
7 7 4
9 7 4
10 7 4
11 7 4
12 7 4
13 7 4
15 7 4
16 7 4
17 7 4
18 7 4
19 7 4
20 7 4
21 7 4
22 7 4
23 7 4
24 7 4
25 7 4
26 7 4
27 7 4
28 7 4
29 7 4
30 7 4
31 7 4
33 7 4
35 7 4
37 7 4
38 7 4
39 7 4
41 7 4
42 7 4
43 7 4
44 7 4
45 7 4
46 7 4
47 7 4
49 7 4
1 8 4
5 8 4
7 8 4
13 8 4
15 8 4
23 8 4
29 8 4
33 8 4
35 8 4
37 8 4
41 8 4
49 8 4
1 9 4
3 9 4
4 9 4
5 9 4
7 9 4
8 9 4
9 9 4
10 9 4
11 9 4
13 9 4
15 9 4
16 9 4
17 9 4
18 9 4
19 9 4
21 9 4
23 9 4
25 9 4
27 9 4
29 9 4
31 9 4
32 9 4
33 9 4
35 9 4
37 9 4
39 9 4
40 9 4
41 9 4
43 9 4
44 9 4
45 9 4
46 9 4
47 9 4
49 9 4
1 10 4
5 10 4
9 10 4
13 10 4
17 10 4
21 10 4
23 10 4
25 10 4
27 10 4
29 10 4
35 10 4
37 10 4
39 10 4
43 10 4
45 10 4
49 10 4
1 11 4
2 11 4
3 11 4
5 11 4
7 11 4
9 11 4
11 11 4
12 11 4
13 11 4
14 11 4
15 11 4
17 11 4
19 11 4
20 11 4
21 11 4
23 11 4
25 11 4
27 11 4
29 11 4
30 11 4
31 11 4
32 11 4
33 11 4
35 11 4
37 11 4
39 11 4
41 11 4
42 11 4
43 11 4
45 11 4
47 11 4
48 11 4
49 11 4
3 12 4
5 12 4
7 12 4
9 12 4
15 12 4
17 12 4
21 12 4
23 12 4
25 12 4
27 12 4
31 12 4
35 12 4
39 12 4
41 12 4
45 12 4
49 12 4
0 13 4
1 13 4
3 13 4
5 13 4
6 13 4
7 13 4
9 13 4
11 13 4
12 13 4
13 13 4
15 13 4
17 13 4
18 13 4
19 13 4
21 13 4
23 13 4
24 13 4
25 13 4
27 13 4
28 13 4
29 13 4
31 13 4
33 13 4
34 13 4
35 13 4
36 13 4
37 13 4
38 13 4
39 13 4
41 13 4
43 13 4
45 13 4
46 13 4
47 13 4
49 13 4
3 14 4
9 14 4
13 14 4
17 14 4
21 14 4
25 14 4
27 14 4
29 14 4
31 14 4
37 14 4
39 14 4
41 14 4
43 14 4
45 14 4
49 14 4
1 15 4
3 15 4
4 15 4
5 15 4
6 15 4
7 15 4
8 15 4
9 15 4
10 15 4
11 15 4
13 15 4
14 15 4
15 15 4
16 15 4
17 15 4
19 15 4
20 15 4
21 15 4
22 15 4
23 15 4
25 15 4
27 15 4
29 15 4
31 15 4
32 15 4
33 15 4
34 15 4
35 15 4
37 15 4
39 15 4
41 15 4
42 15 4
43 15 4
45 15 4
47 15 4
48 15 4
49 15 4
1 16 4
5 16 4
9 16 4
11 16 4
15 16 4
19 16 4
27 16 4
29 16 4
35 16 4
39 16 4
41 16 4
45 16 4
49 16 4
1 17 4
2 17 4
3 17 4
5 17 4
7 17 4
9 17 4
11 17 4
12 17 4
13 17 4
15 17 4
17 17 4
18 17 4
19 17 4
20 17 4
21 17 4
22 17 4
23 17 4
24 17 4
25 17 4
26 17 4
27 17 4
29 17 4
30 17 4
31 17 4
32 17 4
33 17 4
35 17 4
36 17 4
37 17 4
39 17 4
41 17 4
43 17 4
44 17 4
45 17 4
46 17 4
47 17 4
49 17 4
1 18 4
3 18 4
7 18 4
13 18 4
15 18 4
23 18 4
31 18 4
35 18 4
39 18 4
41 18 4
49 18 4
1 19 4
3 19 4
4 19 4
5 19 4
6 19 4
7 19 4
8 19 4
9 19 4
10 19 4
11 19 4
13 19 4
15 19 4
16 19 4
17 19 4
18 19 4
19 19 4
20 19 4
21 19 4
23 19 4
24 19 4
25 19 4
26 19 4
27 19 4
29 19 4
31 19 4
33 19 4
34 19 4
35 19 4
37 19 4
38 19 4
39 19 4
41 19 4
42 19 4
43 19 4
45 19 4
46 19 4
47 19 4
48 19 4
49 19 4
1 20 4
9 20 4
11 20 4
13 20 4
19 20 4
23 20 4
27 20 4
29 20 4
31 20 4
33 20 4
37 20 4
39 20 4
43 20 4
49 20 4
1 21 4
2 21 4
3 21 4
5 21 4
6 21 4
7 21 4
9 21 4
11 21 4
13 21 4
14 21 4
15 21 4
16 21 4
17 21 4
19 21 4
21 21 4
22 21 4
23 21 4
25 21 4
27 21 4
29 21 4
30 21 4
31 21 4
33 21 4
35 21 4
36 21 4
37 21 4
39 21 4
40 21 4
41 21 4
43 21 4
44 21 4
45 21 4
46 21 4
47 21 4
49 21 4
3 22 4
7 22 4
11 22 4
15 22 4
17 22 4
19 22 4
21 22 4
25 22 4
27 22 4
33 22 4
39 22 4
43 22 4
47 22 4
49 22 4
0 23 4
1 23 4
3 23 4
4 23 4
5 23 4
7 23 4
8 23 4
9 23 4
10 23 4
11 23 4
12 23 4
13 23 4
15 23 4
17 23 4
19 23 4
21 23 4
23 23 4
24 23 4
25 23 4
27 23 4
28 23 4
29 23 4
31 23 4
32 23 4
33 23 4
34 23 4
35 23 4
36 23 4
37 23 4
39 23 4
41 23 4
42 23 4
43 23 4
45 23 4
47 23 4
48 23 4
49 23 4
3 24 4
7 24 4
17 24 4
19 24 4
23 24 4
25 24 4
29 24 4
31 24 4
35 24 4
39 24 4
45 24 4
49 24 4
1 25 4
2 25 4
3 25 4
5 25 4
6 25 4
7 25 4
9 25 4
10 25 4
11 25 4
12 25 4
13 25 4
14 25 4
15 25 4
16 25 4
17 25 4
19 25 4
21 25 4
22 25 4
23 25 4
25 25 4
26 25 4
27 25 4
29 25 4
31 25 4
33 25 4
35 25 4
36 25 4
37 25 4
38 25 4
39 25 4
40 25 4
41 25 4
42 25 4
43 25 4
44 25 4
45 25 4
46 25 4
47 25 4
49 25 4
3 26 4
7 26 4
15 26 4
19 26 4
23 26 4
27 26 4
29 26 4
33 26 4
41 26 4
45 26 4
49 26 4
0 27 4
1 27 4
3 27 4
5 27 4
7 27 4
8 27 4
9 27 4
10 27 4
11 27 4
12 27 4
13 27 4
15 27 4
17 27 4
18 27 4
19 27 4
20 27 4
21 27 4
23 27 4
24 27 4
25 27 4
27 27 4
29 27 4
30 27 4
31 27 4
32 27 4
33 27 4
34 27 4
35 27 4
36 27 4
37 27 4
38 27 4
39 27 4
41 27 4
43 27 4
45 27 4
47 27 4
49 27 4
3 28 4
5 28 4
11 28 4
15 28 4
21 28 4
27 28 4
29 28 4
33 28 4
41 28 4
43 28 4
45 28 4
47 28 4
49 28 4
1 29 4
2 29 4
3 29 4
4 29 4
5 29 4
6 29 4
7 29 4
9 29 4
11 29 4
13 29 4
14 29 4
15 29 4
16 29 4
17 29 4
18 29 4
19 29 4
21 29 4
22 29 4
23 29 4
24 29 4
25 29 4
27 29 4
29 29 4
30 29 4
31 29 4
33 29 4
35 29 4
36 29 4
37 29 4
38 29 4
39 29 4
40 29 4
41 29 4
43 29 4
45 29 4
47 29 4
49 29 4
7 30 4
9 30 4
13 30 4
19 30 4
25 30 4
27 30 4
29 30 4
33 30 4
43 30 4
45 30 4
47 30 4
49 30 4
1 31 4
2 31 4
3 31 4
4 31 4
5 31 4
7 31 4
8 31 4
9 31 4
10 31 4
11 31 4
12 31 4
13 31 4
15 31 4
16 31 4
17 31 4
19 31 4
20 31 4
21 31 4
22 31 4
23 31 4
25 31 4
26 31 4
27 31 4
29 31 4
31 31 4
32 31 4
33 31 4
34 31 4
35 31 4
36 31 4
37 31 4
38 31 4
39 31 4
40 31 4
41 31 4
42 31 4
43 31 4
45 31 4
47 31 4
49 31 4
1 32 4
5 32 4
7 32 4
11 32 4
15 32 4
17 32 4
21 32 4
25 32 4
29 32 4
43 32 4
45 32 4
47 32 4
49 32 4
0 33 4
1 33 4
3 33 4
5 33 4
7 33 4
9 33 4
11 33 4
13 33 4
14 33 4
15 33 4
17 33 4
18 33 4
19 33 4
21 33 4
23 33 4
24 33 4
25 33 4
27 33 4
28 33 4
29 33 4
31 33 4
32 33 4
33 33 4
34 33 4
35 33 4
36 33 4
37 33 4
38 33 4
39 33 4
40 33 4
41 33 4
43 33 4
45 33 4
47 33 4
49 33 4
3 34 4
7 34 4
9 34 4
13 34 4
17 34 4
21 34 4
27 34 4
31 34 4
41 34 4
45 34 4
47 34 4
49 34 4
1 35 4
2 35 4
3 35 4
4 35 4
5 35 4
7 35 4
9 35 4
10 35 4
11 35 4
12 35 4
13 35 4
15 35 4
16 35 4
17 35 4
19 35 4
21 35 4
22 35 4
23 35 4
24 35 4
25 35 4
26 35 4
27 35 4
29 35 4
30 35 4
31 35 4
32 35 4
33 35 4
34 35 4
35 35 4
36 35 4
37 35 4
39 35 4
41 35 4
42 35 4
43 35 4
44 35 4
45 35 4
47 35 4
49 35 4
5 36 4
7 36 4
9 36 4
15 36 4
19 36 4
25 36 4
29 36 4
39 36 4
47 36 4
49 36 4
0 37 4
1 37 4
2 37 4
3 37 4
5 37 4
6 37 4
7 37 4
9 37 4
11 37 4
12 37 4
13 37 4
15 37 4
17 37 4
18 37 4
19 37 4
20 37 4
21 37 4
22 37 4
23 37 4
24 37 4
25 37 4
27 37 4
28 37 4
29 37 4
31 37 4
32 37 4
33 37 4
34 37 4
35 37 4
36 37 4
37 37 4
38 37 4
39 37 4
40 37 4
41 37 4
42 37 4
43 37 4
44 37 4
45 37 4
46 37 4
47 37 4
49 37 4
5 38 4
9 38 4
11 38 4
15 38 4
21 38 4
27 38 4
31 38 4
41 38 4
49 38 4
1 39 4
2 39 4
3 39 4
4 39 4
5 39 4
7 39 4
8 39 4
9 39 4
11 39 4
13 39 4
14 39 4
15 39 4
16 39 4
17 39 4
18 39 4
19 39 4
21 39 4
23 39 4
24 39 4
25 39 4
26 39 4
27 39 4
28 39 4
29 39 4
31 39 4
33 39 4
34 39 4
35 39 4
36 39 4
37 39 4
38 39 4
39 39 4
40 39 4
41 39 4
43 39 4
44 39 4
45 39 4
46 39 4
47 39 4
48 39 4
49 39 4
5 40 4
11 40 4
13 40 4
19 40 4
21 40 4
23 40 4
29 40 4
31 40 4
33 40 4
43 40 4
49 40 4
1 41 4
2 41 4
3 41 4
5 41 4
6 41 4
7 41 4
8 41 4
9 41 4
10 41 4
11 41 4
13 41 4
15 41 4
16 41 4
17 41 4
18 41 4
19 41 4
21 41 4
23 41 4
24 41 4
25 41 4
27 41 4
29 41 4
31 41 4
33 41 4
35 41 4
36 41 4
37 41 4
38 41 4
39 41 4
40 41 4
41 41 4
42 41 4
43 41 4
45 41 4
46 41 4
47 41 4
49 41 4
1 42 4
3 42 4
9 42 4
13 42 4
15 42 4
21 42 4
23 42 4
27 42 4
31 42 4
33 42 4
35 42 4
45 42 4
49 42 4
1 43 4
3 43 4
4 43 4
5 43 4
7 43 4
9 43 4
11 43 4
12 43 4
13 43 4
15 43 4
17 43 4
18 43 4
19 43 4
20 43 4
21 43 4
23 43 4
25 43 4
26 43 4
27 43 4
28 43 4
29 43 4
30 43 4
31 43 4
33 43 4
35 43 4
37 43 4
39 43 4
40 43 4
41 43 4
42 43 4
43 43 4
44 43 4
45 43 4
47 43 4
48 43 4
49 43 4
3 44 4
7 44 4
9 44 4
13 44 4
15 44 4
23 44 4
27 44 4
33 44 4
35 44 4
37 44 4
39 44 4
45 44 4
49 44 4
0 45 4
1 45 4
3 45 4
5 45 4
6 45 4
7 45 4
8 45 4
9 45 4
10 45 4
11 45 4
13 45 4
15 45 4
16 45 4
17 45 4
18 45 4
19 45 4
20 45 4
21 45 4
22 45 4
23 45 4
24 45 4
25 45 4
27 45 4
29 45 4
30 45 4
31 45 4
33 45 4
35 45 4
36 45 4
37 45 4
39 45 4
41 45 4
43 45 4
44 45 4
45 45 4
46 45 4
47 45 4
49 45 4
1 46 4
3 46 4
5 46 4
11 46 4
13 46 4
23 46 4
27 46 4
31 46 4
33 46 4
39 46 4
41 46 4
43 46 4
47 46 4
49 46 4
1 47 4
3 47 4
5 47 4
7 47 4
8 47 4
9 47 4
11 47 4
13 47 4
15 47 4
16 47 4
17 47 4
18 47 4
19 47 4
20 47 4
21 47 4
23 47 4
25 47 4
26 47 4
27 47 4
28 47 4
29 47 4
31 47 4
33 47 4
34 47 4
35 47 4
36 47 4
37 47 4
38 47 4
39 47 4
41 47 4
42 47 4
43 47 4
45 47 4
47 47 4
49 47 4
3 48 4
9 48 4
15 48 4
25 48 4
31 48 4
45 48 4
49 48 4
0 49 4
1 49 4
2 49 4
3 49 4
4 49 4
5 49 4
6 49 4
7 49 4
8 49 4
9 49 4
10 49 4
11 49 4
12 49 4
13 49 4
14 49 4
15 49 4
16 49 4
17 49 4
18 49 4
19 49 4
20 49 4
21 49 4
22 49 4
23 49 4
24 49 4
25 49 4
26 49 4
27 49 4
28 49 4
29 49 4
30 49 4
31 49 4
32 49 4
33 49 4
34 49 4
35 49 4
36 49 4
37 49 4
38 49 4
39 49 4
40 49 4
41 49 4
42 49 4
43 49 4
44 49 4
45 49 4
46 49 4
47 49 4
48 49 4
48 48 3